3608
1985
9857
8830
8691
4185
2347
7859
8888
6387
1991
287
8505
4098
6682
3989
2145
3651
8043
7291
7851
8853
523
2361
1891
8363
2536
5622
2314
1032
8016
8753
4550
4438
5260
5793
2917
5288
946
1805
4291
492
172
6178
2290
5650
3213
6331
8722
9455
1267
5164
4144
5383
4463
1381
6879
7480
2217
2504
3305
3863
9408
9008
6556
207
6111
3857
7896
6041
1477
707
3125
1246
6606
9616
6367
1772
9409
1014
8055
1987
2026
6843
9209
1220
3523
1437
8600
8860
9906
2005
2328
8804
2965
4319
3294
1466
8747
6668
1585
1751
382
8125
9925
4869
4300
9125
2574
5246
6194
3300
8354
6656
8654
338
4295
3570
7056
8837
5674
7716
5507
6562
6912
4475
2818
9855
7021
1541
8144
5826
640
2413
2244
3048
2316
7655
6949
3279
8786
8186
2273
3948
3661
8115
7332
9096
128
9922
5837
744
1488
3992
4042
3087
6565
8362
340
7451
4330
8641
2503
6651
2366
1440
2534
9093
9648
3981
3861
7911
411
8847
9092
8484
8828
7109
5965
8272
4588
8597
3718
7500
1390
427
6530
4286
6723
5125
1796
8912
882
4699
8088
9936
9662
9149
9715
1126
6917
3174
6575
806
7965
9537
7513
2210
1457
3619
6436
1527
1688
565
6247
1726
1887
486
776
7496
8995
6043
203
9554
1411
9342
7842
7336
4801
8882
2923
8578
6023
1468
2530
5925
6852
4393
5983
9060
6858
8061
2704
2451
3070
402
6222
3577
2231
4957
2986
7994
3237
1174
1544
4717
2163
3683
7956
5131
9259
8309
5422
6113
4199
9322
458
3094
8709
204
5250
7052
114
8290
7857
2811
9748
7852
2021
7569
7711
6876
2981
7085
7815
1524
9288
6268
113
2538
2031
6136
4526
771
330
8931
2493
6183
1314
2747
2932
622
2483
485
3983
9292
4039
7034
8630
8040
6621
8898
4577
85
6751
5146
6159
7381
7582
8232
4994
5303
8781
1853
6064
1836
31
9308
9832
8617
6880
99
5736
6377
7962
1974
8517
7194
5155
4186
9245
6391
2262
6778
7948
1168
9219
7613
585
9634
9076
6868
5972
6108
9824
9050
1024
9720
803
9416
2650
918
2739
1030
828
963
9977
1775
7662
6082
9522
6348
4518
9708
292
688
3505
3715
3425
9806
3558
6678
2443
4718
1404
5979
2861
5330
438
8474
2438
1115
5558
8832
7523
1102
7264
5362
1281
5135
5315
9512
7298
4006
8300
5595
5235
4065
7868
4572
8943
9381
4989
7453
2180
3062
5187
7250
9845
7483
8331
7998
149
297
1860
6146
2280
1346
1845
7121
3016
6688
7187
9745
6595
3013
7726
4407
2856
5697
1953
7231
1944
3646
8194
6542
3137
3862
4835
1722
5527
9750
2246
4872
1865
7204
847
3807
3613
1797
6942
3610
7981
6283
3077
848
8639
157
4689
2845
7394
6451
8438
6266
9761
713
6119
1911
6850
8034
2086
8187
3596
1127
1420
6615
6864
3669
4316
5041
5747
3490
9840
1551
1472
5165
1664
4375
8749
2626
4228
5053
8956
3371
5942
9110
4302
8818
838
1423
5497
9766
4447
8124
7364
628
8777
7799
9145
2725
8588
2189
3569
6708
547
9956
3012
5065
479
7717
7406
5080
8305
7337
2293
3978
5756
3506
3571
5320
2943
5515
533
4488
2927
2827
1344
8417
8149
3922
7143
4940
3572
9972
8660
7714
436
5465
868
8499
5192
2494
1359
7197
4201
3632
8142
7600
6755
7988
5443
5066
4929
2354
6537
5398
8233
9451
9042
8911
6636
3023
7894
2511
671
1668
5217
1284
7553
4487
6375
4141
7845
9867
86
4601
5338
4085
554
8422
5608
3831
2454
8638
2838
5815
909
3996
2489
8400
9243
8864
796
6823
2824
323
7706
4536
1597
8193
9721
4414
1069
8765
5643
45
9370
5712
5818
2228
7288
2931
8814
14
6141
8176
2949
7284
407
6291
211
3650
1740
6567
8554
9118
7980
8431
7945
5195
3368
706
1867
4607
3309
1704
7450
2439
8896
5981
2804
9195
2032
192
4986
3144
7080
3105
8583
2964
4070
4917
6923
9010
7669
3580
6355
9871
855
7174
4918
738
4846
2253
4803
6080
7089
81
6124
2802
9960
5108
9653
6828
2919
552
7098
4794
3317
7196
2963
4728
4121
4857
9077
6709
8315
5395
1652
4012
2921
3667
1663
2255
536
8285
4551
7858
6267
9137
2209
6295
3275
9808
9913
6692
8132
7186
5483
3684
3757
1167
8170
8863
9890
6323
7454
8659
449
5536
3482
1612
7966
2383
194
758
4441
9371
7892
9310
4397
273
3781
9754
3631
1182
3620
7544
1470
9140
3560
2289
3782
8773
7639
4833
4293
4978
6760
3328
4484
9457
1501
4704
4138
818
3656
9657
6144
8082
4491
9760
3480
1250
9900
795
1264
4730
3778
9464
5101
3836
5040
9909
3151
983
5820
5856
5154
9562
4853
8325
7730
5495
267
4448
136
5059
2022
9473
1301
2239
2303
210
5909
8569
9422
8420
8327
80
8429
9017
4000
9302
5005
7417
6116
7117
2269
3851
3047
3411
8143
7768
9276
4810
277
1680
6311
51
1928
2467
3903
188
6860
7889
3618
9168
4197
1065
2753
4759
2803
1824
5089
6454
9501
3377
501
8333
5775
2389
5851
4926
1598
5973
7138
6747
7502
3133
8970
507
224
9947
5435
5691
2915
3756
3602
8771
21
2677
4279
8927
4522
9576
5895
7103
6546
3304
4538
2037
9707
5952
3296
6429
7607
2002
8218
8959
2624
9688
1010
9176
3149
7123
5380
452
8166
637
9560
7816
3194
1003
2352
2813
4575
6132
3107
9421
930
2556
7168
9025
5579
7096
8373
3597
897
7057
1123
122
9532
3266
7462
3526
7064
4035
4665
5571
9802
1625
9852
1265
779
2665
5834
1617
8032
6025
3449
9664
9490
2299
7552
4308
9240
7589
8182
4541
5440
6729
8388
2356
7664
4822
4774
9227
6735
5281
1306
9398
8322
9104
827
9160
2426
1763
3507
2060
2565
6102
8717
4968
9273
8622
1041
108
7860
7570
7527
4229
9458
5709
1515
181
8347
1511
2822
840
8925
3447
2609
4344
1601
328
4429
6630
6916
6467
846
5431
4415
5862
7802
3212
8467
4360
9965
9271
3122
7737
1862
2620
50
2020
6201
1067
6074
1886
7222
3768
6766
2583
1968
9123
9978
9428
6572
9926
447
405
7311
782
4661
3229
5806
8603
6354
5382
8477
8485
2394
3302
2
9384
9714
3024
1031
5963
570
4514
2063
4347
6393
7295
5780
3484
8916
9844
9660
3373
7097
8133
5543
1163
256
9805
2795
3784
353
9453
180
4894
3381
8779
3363
3812
8787
837
2230
4782
9681
632
6464
9279
6787
8483
4667
1784
8039
5513
1229
7344
3763
5989
2474
5226
7864
5824
3284
7055
3075
6634
9856
4548
2482
759
8514
5533
2129
815
6767
7904
5357
3894
105
9792
1287
2380
3598
187
6960
1770
6855
7783
588
9743
695
9445
3815
7189
8184
3043
4310
2486
2048
4814
5854
4561
7009
5233
8110
1930
3496
8204
3753
9066
1416
6570
7697
7615
1879
8618
9738
8895
647
6035
2050
5295
7739
3969
8059
2254
4390
9632
8282
7678
1552
8386
3041
2900
401
7683
4381
5945
1288
318
1605
3355
3980
1379
372
3589
5792
3036
5417
7238
1421
9823
4063
3432
6140
8533
4451
3438
3109
4581
8972
2403
3565
5455
8795
7310
5394
6791
7051
9973
2819
8687
9787
2977
3685
5286
1257
6204
5488
3342
5078
6442
9056
1571
7200
7491
5576
6521
768
6034
8508
5374
4480
3890
1272
8673
6336
6842
8626
9628
7565
531
2851
7661
400
1685
3001
5104
5679
5007
423
2097
2683
5745
4387
1051
8676
9263
3795
403
2334
4956
5075
1498
5751
5659
527
4655
3974
3330
5683
9323
3809
7111
7617
7877
9881
7169
9393
5427
6531
5425
3160
8377
9114
2500
6117
44
7625
480
8568
5142
6922
4937
2335
1096
4686
8760
3311
2211
711
5685
1983
4192
4134
4726
7209
2748
2690
8703
1282
2737
4624
5039
9450
4560
7163
378
1184
1839
4554
8909
6891
8028
4213
7757
992
2607
3909
1018
9983
4015
3777
2633
6950
8948
5122
97
7392
6502
1113
193
5182
6684
8296
3949
5596
6094
1247
9469
9065
7090
4066
7278
6244
4751
5480
1034
7573
1445
87
6617
7775
8964
142
595
4072
5951
7979
3097
596
9878
2601
505
2769
2573
375
2580
5971
8727
5812
9379
6932
8099
117
9039
8954
1057
3668
8971
5830
3273
5043
7424
1110
8820
363
6929
4048
3285
2535
820
4061
6054
390
2248
8682
3344
1494
308
7682
7761
1948
3424
9614
1961
1317
9191
6314
1027
8301
5332
6171
3083
2187
8706
1620
1356
2925
7035
1637
6153
4118
700
3393
5082
7198
62
1767
4652
3536
9269
8711
932
1347
1651
7077
5647
658
3093
4418
1348
5905
6938
7258
1592
5563
7044
1569
71
2404
5592
6216
8464
1077
9497
7749
5731
957
6322
606
555
1055
2862
6357
850
6776
9320
8010
4222
2150
901
1779
7190
6329
1059
5757
3891
1418
6781
9199
1728
1838
4172
8223
2283
1382
698
419
6301
6379
4267
6205
9826
7070
3321
6533
3641
7645
6589
3674
3660
4864
7810
2579
1787
7297
5336
6039
5171
9536
5566
4193
2711
9257
9072
1758
243
8977
8270
3679
9250
7556
9402
5272
1799
1364
9674
9528
5807
6382
5413
6330
913
8677
2462
1387
5105
3184
9902
7193
4792
2938
9479
954
8826
7316
7154
7396
1292
2035
6968
7883
9705
9153
5802
3855
1647
1451
8611
6847
9030
107
3603
5715
3579
361
4477
4002
7130
1276
2331
3595
1761
4100
1927
941
584
4364
3442
5310
9376
2012
4399
5564
3504
2339
335
5699
2205
1591
5377
4433
7165
3624
722
9144
6536
3655
7910
116
9335
3011
7180
9910
4284
5778
3732
8798
6170
7430
4621
2840
8552
4219
5975
5437
5306
4542
5555
3310
9713
9206
1462
3616
9127
9213
9711
1759
9299
1546
5376
5478
7444
2950
3521
1822
1342
9762
9383
2167
7287
8728
9521
5241
7156
4428
3370
9444
1278
5333
6392
9798
3945
6908
6839
5710
1037
6535
1271
1766
6206
693
6496
9348
7095
9184
2995
9412
9731
6669
5099
7282
7433
8791
7836
9282
7419
4651
7701
5169
1834
2066
986
143
8555
5412
504
3325
7440
6739
9588
1732
978
8199
1249
4618
2039
4670
5544
9456
4403
3082
502
285
3821
3298
8311
9637
6746
4021
4077
5619
6869
4145
4850
6700
4339
6598
3766
3675
7585
1155
5335
166
7742
3130
3167
6063
7881
5280
164
2899
4602
2266
1309
3067
6987
8404
3089
7727
2582
217
2344
7987
630
2522
5689
3320
8983
7580
4277
8410
4322
8559
7823
2193
1035
1626
4777
9757
409
9774
4669
790
9685
215
5777
3462
4110
9341
2732
1082
2778
240
7281
8041
4916
5846
6275
7820
4324
3774
8623
1559
576
751
8026
666
8067
5629
6109
2876
3150
8801
5976
1641
4417
5052
7401
2017
824
9130
6819
5518
3188
7973
6208
3735
4076
1146
1157
8332
766
2670
7286
1783
3241
4374
1363
3022
8684
312
5946
6758
7476
2476
2011
150
189
416
9669
94
3914
3453
5662
6084
7256
5754
8020
69
7902
2951
9189
8789
5498
8013
8666
6946
3232
7437
3698
4445
7698
221
4687
9756
1724
3664
3991
1658
5018
7037
9728
2176
6774
5988
2326
4754
2192
5214
236
244
9551
9658
1530
4809
8790
5624
8978
8809
4874
3333
1442
4238
8810
6927
7899
9165
5316
6202
8242
752
1419
7791
6022
7046
1785
3382
3164
1542
3353
5636
4719
9801
49
9601
321
1502
1368
7039
7303
845
4535
2424
914
4363
9547
8003
931
1645
5889
2543
7822
6414
5325
10
4938
5500
1297
6827
2760
5300
5999
1318
2108
1133
3258
7590
1405
7474
7079
9021
9432
2436
9706
84
4091
7377
4633
3617
2229
9758
2564
5373
2671
2121
6900
3021
6626
3224
1166
7704
8281
942
2930
9941
4797
445
289
4153
6460
1355
5337
3953
8310
5673
5436
2537
5550
5454
6600
9797
1497
4958
8669
7048
2377
7611
4600
1881
5799
2111
2678
8312
5855
3081
7549
4391
4506
7949
3970
3147
1855
8378
641
965
8330
2001
7082
2245
5969
5248
5289
4564
1540
2948
2571
4636
3366
2329
2825
3733
9069
7283
1234
6123
9477
4458
8557
5602
3879
7624
2621
7367
8698
39
6784
575
1696
4502
1915
7508
8412
3977
1341
1590
2596
948
2308
9007
6933
6261
8287
3219
3031
4942
9853
1333
5143
1883
2317
2697
3799
2922
9927
9353
5353
7740
471
2218
7821
4331
67
1428
178
8139
7277
4442
6952
8437
8151
1589
9571
2124
5931
8822
2972
421
4314
7122
6608
4692
3986
2165
3840
8960
5888
8991
6360
2557
9058
9799
4995
5127
8778
5361
6032
668
5516
831
718
443
8329
3030
7676
9439
3467
5259
6779
7139
453
7321
566
1111
9548
8250
489
5877
673
7530
2373
4385
9944
3193
5620
3074
890
6845
5938
8069
5266
2868
6926
2445
2497
3390
2525
2798
7681
4459
2370
9579
7915
2978
3156
7404
1643
2735
9139
9901
2883
5926
3670
3276
4204
9623
6554
3717
9085
8877
8165
1316
8796
2715
8219
3422
2661
2791
9606
7464
1830
8379
4320
4609
234
2065
4732
7796
3078
4251
1063
8450
7630
5399
6185
8890
9860
7562
8605
349
7583
2000
3846
4062
9654
1875
3095
7581
9387
3336
2909
2957
1858
9226
1986
4270
8914
8262
5675
1446
7862
8748
6476
7487
3852
5519
5610
10000
7413
582
7707
2558
2182
1149
1789
6770
7116
1547
9192
1378
2520
8524
9618
7380
2888
8092
9290
4545
8679
1154
6910
6345
9729
2162
936
8448
8702
1814
1
8989
7533
2169
9894
2797
1776
9285
6115
6967
9896
4178
8951
1892
5713
563
9277
7506
5677
8935
358
2860
6624
1351
5205
7525
3635
4404
3395
398
8516
5617
8054
6002
9777
4936
4582
439
30
8979
4949
5991
7422
4117
4642
8645
9229
2252
9702
6419
249
7471
9842
9689
717
943
4555
9431
2336
5321
7072
650
5706
1686
3759
4758
7327
9876
6783
6742
262
767
6862
9749
1661
8545
1712
5735
7934
6826
4640
5746
5819
2080
4520
7510
41
5346
7023
6992
2319
9028
5444
6840
984
5063
2429
7177
559
1293
5601
5047
8319
5767
9040
2263
4354
7110
7066
990
58
2506
4122
677
2386
4049
8720
1935
2865
1794
7414
6287
9625
6458
5054
1656
7805
2920
4729
4837
4763
2644
7376
2378
2982
6489
1353
4811
4966
702
2616
1554
5717
591
5741
2440
5966
7192
9178
678
613
4960
9981
5727
2294
3856
5287
9415
3080
9640
4951
1254
7214
4342
4226
3227
6477
1997
278
1522
5742
1821
2940
8252
9105
4081
1604
1012
5136
8445
3269
5978
3927
370
9955
3118
4315
1463
2695
7628
3561
7212
4422
1224
4882
2550
9119
670
2939
620
7030
1888
734
4307
1764
1366
2947
3350
3428
6893
5657
3775
4591
2700
3379
969
3584
5887
6667
4740
2156
7963
9598
1868
4765
2881
5473
3761
8472
9773
7244
6218
5253
2740
3764
8313
4425
7644
8812
1444
3301
7606
2093
8273
3044
6809
4954
3335
7937
2907
2428
1270
1588
459
3946
3072
9815
7748
5692
3689
2219
6686
611
8785
9865
2916
6718
5073
5631
5962
887
7636
9481
1465
2871
1708
540
3444
7545
2040
4089
8364
8031
7839
9783
1989
761
5030
2852
6897
5961
3314
263
4350
937
6402
1969
1170
63
977
2186
9611
222
3446
1869
8215
836
6015
7640
313
344
2096
1857
2716
1105
2720
4471
9166
4580
1635
4056
802
1575
2379
869
4105
3808
1319
6061
7493
5616
7076
748
7551
3295
6215
8494
3113
2082
6319
9697
7557
4156
5561
6368
5937
7913
4254
1967
1628
1391
8057
2392
562
7787
3385
7312
5370
6953
4318
435
3238
7166
1325
7225
4944
4269
7490
133
9834
4255
4119
1877
8502
7261
656
7792
7646
5660
5033
6553
7903
9952
4895
7620
7695
1607
7776
4176
1172
4849
3303
6552
6110
6050
2642
8511
6782
1456
6569
8356
9775
8871
8397
7371
7202
9505
229
1602
8528
9573
17
1825
6249
2729
7342
3511
3919
3222
987
2757
6859
5847
939
6485
3762
3932
7578
2991
1118
3202
6042
4964
7531
2033
7420
7872
7075
24
3691
6232
2068
6661
4734
3204
2423
4282
2437
5661
6356
6166
9667
2416
8202
4439
1029
3666
7959
9584
4161
3312
5790
6285
5557
1058
3537
6790
1367
2770
970
569
7266
5207
1490
8965
3192
7119
8893
5181
7446
5452
6503
6824
3706
2360
7047
2600
9567
2181
5573
3120
1106
8737
2304
2992
3101
5923
674
9003
7188
2801
4867
7828
3910
9224
2718
253
9827
7788
1790
2709
6798
7831
6604
3104
1403
5886
8599
8264
5258
6976
8169
2826
7840
8591
9446
5236
4844
7428
7488
9015
5903
3372
597
3163
1222
3110
4880
9108
6347
3399
9024
4086
686
3956
4946
7658
760
6182
1586
6568
3127
7884
4534
9468
5471
9286
5764
8553
472
2309
2809
5032
4466
794
7158
3274
8112
5086
3414
9181
3806
2267
2122
9111
8907
2859
5844
6614
8052
2591
9347
5329
1959
4052
6583
4915
9942
5768
2634
1160
1587
1610
4263
3244
3708
5278
7351
8071
9062
493
3176
3197
4584
6168
2142
2651
6881
7140
6878
5763
9526
6578
8862
865
7127
8000
7357
4653
660
5308
7300
3196
2278
324
2115
5664
4897
1702
5461
5098
6564
3693
9810
4288
9693
8482
7524
7806
6154
7943
3384
8406
1535
8816
7157
7738
8949
18
6017
4368
2968
1099
9813
5996
1394
2807
8586
631
5517
3547
1576
1982
4795
5906
2784
3183
3832
144
6045
2611
5441
6792
4823
7641
6773
7305
3752
305
4259
5782
7101
9732
825
4116
7516
8823
1657
5762
1217
2597
3007
896
450
3573
9435
6450
9592
8459
147
4539
1483
7660
4501
4067
5670
8635
2141
4537
3025
6557
8291
5907
6093
4605
1755
490
5290
2606
2013
3439
6186
4211
5128
4871
5180
5535
2666
8357
9957
8458
3738
5177
4613
4927
524
8903
2014
6717
8081
8629
4820
6003
721
1622
4553
1697
4247
5252
4924
6694
6899
6090
7785
7362
7920
7563
9088
4440
9071
8320
4040
410
1884
3961
3322
4877
4921
8489
8595
4294
6602
3402
2138
7800
8613
7780
1503
8924
6519
9891
8692
685
9671
1714
4383
1580
8253
6703
7601
115
1919
2173
809
8117
1539
4499
9627
8068
517
3068
9879
7033
3352
1568
9293
112
6264
1512
7306
6887
2510
814
4512
3264
2641
5637
961
7018
3797
9377
8251
8089
7061
1474
3146
6310
3790
3106
6426
5748
7100
5341
3003
8634
3111
6100
5941
5400
9561
4941
7813
9305
4357
4334
7659
7827
8295
6057
4242
5343
7485
5167
8077
9524
2351
5884
6909
2196
3396
1644
3454
4020
6738
269
7245
4599
5548
4766
2202
9976
6344
8870
4860
5947
132
3287
4659
5669
5607
9982
6786
3769
1286
6811
7969
7065
6579
6998
4200
5749
512
9790
9950
9098
5345
5279
3678
9167
3530
5916
2131
1231
3491
8879
5038
5841
2346
3984
2430
8944
6048
557
5076
9585
4625
9151
7989
6334
4142
7135
9275
5457
1104
3091
952
3348
2368
835
6944
5230
8130
6099
2282
3877
9638
9078
568
4673
9196
3226
7752
8915
7479
4635
5130
9987
5766
9378
8945
7091
884
7518
7957
5004
2484
5204
5611
5866
7812
9559
109
1977
7631
322
2034
3872
5318
6984
3899
8271
6250
7647
2340
8008
2523
712
2773
8539
3256
2960
8963
7338
4733
2492
6631
12
8058
526
4641
7159
1194
5090
8216
1294
8027
9862
644
8802
2895
2102
6681
7074
6563
8457
8819
4034
5678
2656
1448
8844
5783
9768
9710
1906
8094
4576
9948
3230
649
8581
3214
4737
2118
1199
8958
3967
6125
5899
6413
6390
9246
6135
9420
6625
7597
5949
9602
4080
1532
9893
4210
6028
1046
399
9794
5968
2143
1025
4510
1771
6324
5739
4120
6172
4180
3802
7520
8255
1002
5823
6130
4546
8571
484
5406
9193
4190
5641
8631
2095
9700
5139
5508
6174
5366
3911
5161
8207
5391
3079
9617
6020
3765
6403
6671
9244
8106
8002
3951
6829
6727
1476
3796
5882
8259
8953
9082
556
7466
237
4252
6895
4695
6089
787
1085
7329
1701
5779
3895
200
1584
6474
8942
9222
2090
7734
2708
6693
5704
7411
3386
4516
4787
3436
9315
6705
4852
9313
3283
7205
5017
385
213
3054
9995
7252
971
9741
279
183
3064
5808
315
6763
9753
3515
2654
8403
1228
2422
9733
2599
3346
3297
4187
3445
7314
8985
296
5821
7596
3215
8512
6834
1492
3600
7181
2146
2741
7648
2155
5083
4780
1121
8453
2572
304
334
7160
994
4505
5801
7953
9717
8575
3191
3692
4524
6281
4097
3893
1332
6290
839
8004
9600
8848
1689
6279
5012
7400
9877
638
6646
8784
8969
3262
4521
3455
16
418
9607
4925
5121
1653
3459
7059
4796
9915
9515
4421
1981
2307
1097
73
769
8497
5668
663
5095
9838
5591
4
2306
538
5499
339
6270
7060
4159
2910
5694
2906
8506
6996
672
5402
2857
5917
3921
7885
6328
9918
7456
772
991
3982
3653
5011
6647
6586
2594
9563
7990
5583
2994
7354
753
6148
8961
1558
388
9084
451
6964
3939
1844
5247
9698
5644
7690
9448
3175
4571
8017
7489
5239
9851
3252
8900
223
8624
6280
7731
6958
9471
152
3138
9518
3937
9659
5242
4351
9161
7206
6653
3450
5224
3209
6657
6750
9433
2320
1439
2288
2604
1345
5693
5531
394
4764
7684
2952
3318
4384
1175
1988
4167
7173
3652
9150
4842
7595
8407
7984
259
4657
7770
6463
5191
3437
8174
190
7634
2478
5116
9523
9345
6107
3554
2828
953
1203
6386
1826
5930
2877
9519
5869
4756
4596
1636
3928
4585
6838
5711
6620
1611
8772
6612
3642
5584
6162
6352
5384
1129
8267
8159
8594
9872
9201
255
4392
1565
316
866
8446
3289
3854
6622
1434
1954
4769
8195
5542
1803
1073
7259
4092
4684
2136
9899
8185
8171
5064
7375
3749
2742
6143
1960
4462
8211
3731
5864
9470
3364
3218
9188
940
8260
2768
9169
5115
5049
6983
6203
3195
3108
1329
9048
6504
9197
3648
6800
9791
6359
2657
6305
8625
8510
2469
7905
833
2029
2686
1362
2954
6276
3415
8374
8439
5511
2514
9423
214
7665
4606
7427
25
9330
1864
5463
2091
2613
529
6190
6492
6652
3026
7914
8452
7229
6253
4181
2407
6875
6780
355
8355
4919
906
1117
6046
3677
3132
2220
6284
2098
6373
6366
2446
9678
1459
8337
6237
8919
8078
7315
6844
4677
9485
6961
2663
7356
5822
9041
743
726
2332
2321
2867
3401
276
8525
9511
6611
1151
5403
9187
155
9752
6541
2206
2042
8419
5648
3737
6680
5688
6425
5687
5058
5379
2485
2473
3134
2996
4398
6297
9020
8590
6627
4038
6245
6490
9730
1075
7724
9639
6406
1245
8587
1921
740
4528
6076
599
6227
4389
8239
8529
7241
3513
684
3049
7224
6441
7
4858
9357
4549
1676
5872
4412
7779
1389
1810
1634
4888
9324
5371
4464
2388
3546
8729
5845
4745
7439
3917
2453
1710
8542
7301
8280
4863
7334
5477
6699
938
1681
167
5291
7870
7330
9569
212
5409
8033
4727
8395
8044
3427
9831
5994
8640
3131
1243
6907
5701
4702
3154
5188
2172
5319
5609
8840
1054
2928
2548
6065
3117
894
4875
4671
4593
6435
4140
7572
8036
7598
3308
5159
8596
8556
9404
3920
4069
3430
1723
8001
4739
3574
5117
3410
8275
5613
8670
5245
6753
8646
5737
1878
1042
6059
3367
5175
8905
7667
8418
2089
60
4257
1210
9647
5257
6874
6518
6455
6027
509
9068
8967
728
6459
1412
8148
5842
8496
7151
4836
9817
4614
6728
1627
7152
2125
5415
8562
3179
8475
5529
1671
7709
1682
3123
9318
1727
1971
7353
6599
9202
8191
4723
2985
5787
4544
7185
2983
8759
7833
857
928
5022
3268
2106
3228
6593
8831
5301
1897
1132
3259
2457
6707
6475
1213
2175
8883
1427
4722
5027
5109
9679
4839
5891
1737
8767
1283
2027
6731
6128
9923
9475
2829
4436
8805
2359
9395
281
1180
7781
9854
8998
5020
9996
2766
9297
6937
7672
8602
5858
104
9218
878
4489
8678
3553
1482
1818
5351
6532
7045
5740
1261
4437
2706
8982
8134
2019
5603
1876
5088
5652
9095
425
1964
4243
9436
3640
3941
4223
8495
2637
7976
2243
7049
7801
5024
2608
694
7586
5276
8073
4353
6913
696
8072
7379
7887
3290
2160
9321
4959
102
8504
4450
3225
9380
1443
3059
9172
5839
6040
783
1995
235
9652
1116
5262
4047
386
9474
1908
1339
4346
5489
2820
701
2375
3360
6423
320
1754
8793
2501
7754
38
900
9934
2265
2400
5897
3498
980
4468
6051
3153
470
8544
9175
7993
456
1464
2799
3114
7219
5559
8080
5934
4490
1811
134
5672
3615
2134
2410
7666
424
6209
4022
5218
4620
7642
1449
2279
8079
3829
2471
6571
9675
2052
7322
3404
1255
6517
70
9695
6650
2516
2194
5940
4987
1388
342
7890
186
4631
1567
5803
9849
8868
3712
1260
6472
690
2296
1244
4859
7412
5277
1335
4058
1430
7693
874
8236
1489
9267
3374
7564
2158
9081
54
4775
2837
6936
920
3483
9340
786
4967
5352
7654
4453
1795
284
7390
516
742
3231
1762
8758
4129
651
352
1313
5986
3271
7673
4999
3740
8891
807
4088
2712
7399
2689
9980
6558
2179
572
6544
6665
5725
8736
1895
3527
8807
9427
6234
1613
9120
5057
4891
6951
2349
6038
8476
4367
8398
6220
5432
7753
687
343
1526
362
6870
2648
55
2028
6381
5093
4405
8390
5982
7918
6499
4432
9013
511
1241
6943
9908
3869
5959
7029
3638
4111
1100
7349
9593
7750
4767
4084
8585
7992
4708
8880
6512
1578
5460
1537
6543
4326
5106
2673
6580
1786
6743
1162
7999
59
6371
7534
1212
604
5304
6677
8987
2341
6030
4112
1509
7554
9786
2275
6529
1616
9280
6582
5152
5149
3607
4990
7348
5010
311
2168
2408
7141
6129
1016
1909
2752
5761
3999
7339
4789
5504
9556
2692
5632
5173
4714
5654
9
4359
4781
2563
2627
4220
6069
5405
4265
5344
2622
3824
5178
381
3103
1514
3563
1485
5433
3405
8104
2713
3406
3451
8394
2914
6856
1109
7809
5765
3494
5831
9075
2203
5676
6724
5244
9163
6788
8225
7719
8227
3236
5021
5355
7803
8339
2235
801
1901
3128
826
1252
9663
653
3463
5491
6497
9898
2084
9000
7830
6733
2696
6915
9882
1946
5162
8690
1161
567
2113
8157
9385
2237
2274
9488
2495
729
8527
3124
5605
1815
5232
9064
9186
4992
6163
8292
3086
1943
9875
7112
6078
1749
2772
176
3531
7643
7269
2071
7522
935
9234
811
1659
2300
6091
601
2749
9991
9650
8565
9365
7855
1045
9781
9903
5339
9822
834
6642
4567
3343
8582
4321
57
5784
4194
5264
4903
3282
5600
4848
3898
9988
1629
1912
1894
5359
7699
1806
66
6741
5228
7050
4802
272
2008
6957
788
247
5423
4830
11
7429
5015
1198
4932
2846
7793
2926
6603
8113
3448
8212
2631
4828
4773
7542
4559
1570
9429
3162
3248
8189
4662
2701
5849
6732
2398
2605
429
4454
8317
4305
9568
3208
967
154
6939
9476
8561
7705
1219
6534
3867
3550
2391
6740
9959
6001
9443
7638
7457
652
4409
5623
9726
3719
950
8852
2023
675
7728
2016
2045
5363
8867
3700
432
6981
506
7932
8697
692
5025
8454
6704
1741
1924
5305
6197
291
749
6820
3534
5984
1171
1181
5680
3739
1064
6801
5356
2774
8683
1716
1285
4813
5852
3431
8685
2987
4431
5904
218
1299
1399
3479
3722
4106
9914
7850
8881
2786
5987
7692
4861
9655
5208
1242
770
3140
3008
2836
4019
4030
6769
2618
9963
6662
1454
1898
2764
9970
4325
9680
1859
7002
7460
6821
3555
3820
553
1866
4470
4032
481
499
1192
6210
1021
5110
8885
8136
4862
8011
5034
6320
8090
3056
2324
755
8757
2305
6658
2384
8449
3947
7874
8675
2249
5840
4931
4768
7541
5646
3376
2260
8334
5572
1889
5577
7906
3888
3255
8237
8710
3240
4799
6795
6768
3659
5327
7132
2566
3324
5998
2532
4878
6994
8297
7081
6632
3466
6892
111
1529
8025
4348
8286
6551
9954
8160
9274
1251
8541
8845
2448
6865
6513
8910
4377
9014
1043
9575
2003
3960
158
2929
9158
6252
4632
819
7747
3658
4558
5953
8615
6106
6317
412
8843
1743
7668
1130
8792
7175
8650
3277
1142
420
2073
3257
774
2337
6777
8076
3516
9841
106
7497
3061
137
1179
6954
9701
3916
817
345
1239
2298
4753
3142
2018
9407
7094
3672
5954
9780
7469
4010
3004
444
1340
298
4503
8156
5197
1068
4898
3621
2832
1677
7248
3356
8214
2787
299
8715
1377
5521
1076
1135
3803
9217
7365
6456
4237
3942
5092
2959
7546
1955
7203
5728
1196
1752
6548
5114
5912
4096
8229
3341
5284
4003
879
8481
9961
7745
310
4933
4934
4975
7650
1947
9608
3724
3926
6229
3206
5708
1458
5229
2427
8368
2044
9392
9744
8663
4645
9604
6372
4051
1354
5639
1214
4107
9283
2133
5254
326
1119
4786
4031
2684
2623
8103
6396
4276
4527
7409
2140
745
4395
8240
7208
494
5944
6418
2198
4424
5158
8053
2874
4016
3055
8700
3707
7083
3578
1044
6940
5589
1230
7226
9352
6243
564
8401
8030
1469
5045
1385
7863
9102
9461
4805
1000
7512
3323
8343
3813
9254
4079
2425
891
5873
5718
810
1940
8824
2127
1094
2270
9874
431
1190
3682
341
2635
7042
3476
9997
4982
6457
332
5381
3720
3630
7825
5612
8084
9425
2431
4703
6886
3923
6813
2396
8408
8367
4963
1829
4171
7326
6296
6235
8718
5883
4711
3714
8047
7694
3940
2675
5211
1781
9173
8755
2488
7352
6177
4597
9496
1216
5530
912
8308
2781
4731
7503
7848
8037
9605
8950
3100
7843
5553
9023
9179
5798
4529
8849
4626
1438
7494
3865
7722
4676
7632
4804
5716
7926
4274
4808
3361
2734
9848
691
5835
1202
3634
5420
1153
2758
3702
8304
2531
7368
7073
8154
791
7811
1093
1808
6797
646
2962
2420
2177
6364
7102
4742
6523
4629
4327
3688
1615
197
8035
1893
337
7153
7671
4434
3976
8984
4886
8513
8023
852
7146
230
3599
1433
2847
3286
7882
4831
1548
8705
9696
8091
6877
2046
1863
6629
8299
2603
9751
3934
2357
1486
7268
1320
3018
8278
6120
3456
5044
1426
2442
8752
5282
4109
461
4735
4565
7732
6802
1205
1369
2979
6804
364
4562
4948
592
7908
7470
1956
8515
3562
5816
5174
7358
4627
858
5450
3594
4685
4125
4829
8014
422
2945
3711
1519
2549
4890
3544
4419
2487
393
1631
4509
8261
408
1833
9124
4029
9350
1460
1914
9177
8740
2256
5216
9396
5222
406
72
6754
9300
2913
4752
7459
2585
171
9304
3754
6639
6346
2009
3060
539
7917
9152
3629
1606
9221
3136
9073
6516
2655
4345
2153
6246
9535
8063
239
2552
441
8574
3249
5293
7577
1500
1159
3612
3145
7239
2223
542
5223
1993
1619
5956
7442
2149
822
3510
6483
6265
4337
5800
2869
546
503
9148
2723
6008
883
9769
5046
3502
2419
6484
1990
7257
1321
6863
2499
8973
519
4461
8451
5225
8
4855
3475
1343
8744
8886
6098
593
8829
9358
7931
4547
2302
7482
7087
6293
5948
1144
3429
7618
2763
3452
9938
2157
985
7970
1164
4456
7058
5365
903
3964
9719
4579
8875
1187
7317
4519
1235
1553
5919
5390
6607
1934
3880
3458
7967
4876
1499
8488
127
5081
3069
3034
9203
8396
8206
7685
1223
3260
9574
9533
2238
9462
4615
9651
7900
2617
579
2325
4658
7729
7145
3207
3931
7817
4301
4382
6160
1880
7797
6047
300
8966
4423
9447
1508
5294
9930
8473
6158
4750
7335
9255
949
754
9586
1431
6424
7162
1913
2224
8601
9656
6195
6640
7254
8196
7395
2062
8780
3730
3135
7712
2088
8783
7677
6288
4972
6417
4336
2518
2197
5085
5514
2703
4682
9397
4044
2628
2387
1186
2056
6835
2733
8070
3786
3549
3657
9646
8074
5103
1640
5913
4826
8492
951
6145
859
5269
2414
4123
5681
6079
1958
8699
8653
6601
1036
7849
3605
9594
3957
1618
2365
9400
2970
7721
8382
9596
9054
7207
2568
3165
9106
5042
3088
5651
7475
7164
4216
2844
8878
4037
5653
2287
2893
7616
1965
2184
1062
2183
5743
6796
1937
5671
5587
2343
7423
618
5453
9162
7421
9887
3313
5055
8854
8205
9061
2719
3334
6511
2055
4474
6362
6696
6453
1756
1072
6904
5628
6240
6157
8381
2540
6044
6720
9552
9487
4495
4896
5562
6550
4984
6370
8455
1572
7509
9932
7078
9208
3161
2668
4821
7946
9498
5418
1920
4724
2879
1136
5867
945
7893
4798
9816
3014
1720
8197
5714
9264
6721
4362
5203
922
3935
988
777
3365
5911
6524
8021
3696
6188
8181
3200
3889
219
9204
3747
2815
185
7054
1905
7733
9582
1690
1777
8579
231
1330
2222
5147
7947
5805
1638
257
295
9307
7539
5496
2843
8083
8656
1083
4174
7215
4637
1005
919
7756
8425
2934
521
79
8436
6659
4236
1550
5062
4007
1108
6664
5492
4815
7148
5828
4825
2834
6540
8689
5340
2776
9366
7053
6775
6036
2765
8713
8284
532
8118
9296
3587
6316
6882
5416
5249
9861
3623
1536
4303
2401
9211
3216
9284
8246
888
5574
4298
8866
6645
7313
8424
1916
6986
4135
9004
5312
9502
1861
3293
6081
2199
1141
5201
4207
9215
8217
7686
5900
2783
9682
7679
3907
6428
3746
3499
4158
8721
4901
5791
7031
98
6427
5927
6920
397
2271
7536
1945
5758
6851
2225
1748
3755
2190
1885
6338
5323
9044
5788
6479
3029
1066
4980
8060
5955
2886
8598
9251
720
7928
3017
78
8376
7798
8490
8469
6675
1060
9828
8695
1563
9410
5219
1091
2318
2075
8725
473
905
1038
7633
4094
309
4147
9327
5274
88
629
100
5789
6894
9804
4770
5627
615
4289
4366
3971
842
8836
590
5326
619
9529
7299
7778
1496
131
6060
7847
5314
6500
442
1269
8383
9051
3779
7866
4217
2632
8200
999
6977
9800
6803
923
1731
9544
3514
2746
8652
1049
3741
6238
48
8532
1793
7445
1189
7651
9595
4991
6924
6854
8873
1583
6302
6016
6592
8086
371
4721
4373
3085
7191
5050
3647
2674
9580
1071
2743
5878
2170
6522
621
8126
7137
8573
3654
1649
9362
8491
6019
4650
5525
2722
5060
3725
8213
3519
5494
1984
9635
5426
8589
3847
2936
252
7262
6574
2576
3744
8370
3892
1380
9503
1322
9724
3637
9803
2043
3828
9493
5771
5732
9546
5774
2779
7279
4772
2958
1760
2736
1152
1201
4131
75
1564
6014
9904
6342
8763
2714
3924
4700
1176
860
642
8841
6006
7032
4411
3403
1675
9115
7432
6510
3864
8098
389
6313
4011
3112
4024
4378
4778
5414
5397
2866
6491
9373
3435
4036
8183
2409
7505
4747
2291
3281
5755
6309
1334
7213
7629
4608
4388
3408
3349
6369
4696
4485
3804
7550
8146
9888
7968
1225
5512
7004
1413
2059
2348
1798
2363
1633
4214
6672
8920
737
6315
1237
4496
6623
1896
4743
1185
8806
1925
4922
8351
7016
7529
5865
9643
7751
4290
2120
6304
8346
731
3751
2842
3814
3116
5458
3387
5071
6515
7760
9036
4266
861
7227
5079
3119
5838
9185
5967
1835
2435
1670
7331
3728
5392
5111
7069
3472
5908
6991
1936
5210
2942
9784
5410
7237
7725
6759
9764
6415
8247
6410
1134
6449
2961
8102
8100
3767
2463
9329
90
4563
1699
5590
2731
120
7405
5140
926
1975
8221
8279
6935
1593
7243
1361
2508
8774
7708
5331
9500
163
8433
3811
8426
8256
347
655
7201
2645
1780
5094
5183
7416
5893
9258
3038
2105
3221
3727
6412
5137
8359
7382
1871
6097
5640
7131
437
64
5730
6397
68
3586
6719
463
8957
534
8012
9278
3908
138
2796
3870
1695
1324
7472
580
162
1998
367
9372
3152
7161
9772
4205
9233
1745
4329
5360
5428
7696
2101
7235
9033
1080
5645
8869
1655
8274
8940
3687
2967
6493
4649
4913
703
3882
1177
4556
4680
6884
3
2944
6480
3198
5804
4333
3394
4137
8604
3930
7025
4130
8724
6432
1560
3680
1534
5056
7555
5874
5918
8393
6918
8566
3465
4258
280
6259
5084
6447
6142
8662
1931
3339
6985
4164
1715
3503
6685
657
7063
6581
2067
8254
7997
3009
2885
4465
4783
8007
4893
550
7308
4478
1854
1963
5263
915
5168
735
3776
5019
8592
9011
6764
3090
1208
7974
3280
648
2569
6471
9129
9540
5667
9052
5212
8813
3005
4283
2955
5372
3246
3987
6807
7856
6299
9403
7744
9543
6327
4622
3985
1398
2083
2542
9690
7040
3913
1436
3158
8904
1450
141
7347
560
4233
3887
9514
9924
286
1996
2694
3441
6175
101
3400
4479
8788
3710
5153
5096
1039
8353
2849
5430
7036
1744
4473
6361
5324
2432
9157
7071
1938
8468
5097
8751
2971
982
6846
804
9053
2135
9999
3972
2109
3500
2643
2598
4078
7346
7886
1386
4235
6444
5932
2139
9101
5810
5008
4127
7561
2452
9361
6597
4578
9578
242
9989
5703
8968
374
2406
8560
9434
8800
9520
5077
8686
7958
2232
1757
9946
9143
5424
4150
7028
6446
2450
2721
2658
7363
4985
140
7195
6053
7438
5206
3524
9718
4583
7718
9437
5690
1248
7220
9049
7767
4386
8628
3545
2808
9590
5997
8716
4073
4592
417
699
9074
7955
357
3943
4587
6007
5724
6495
460
1746
7126
9620
9099
2204
3409
9889
3096
7710
3359
2468
8901
1813
7038
8178
7663
454
148
4738
9558
8201
9892
56
6105
8846
1718
7249
996
2541
3848
9336
6394
7818
6337
9994
3906
4102
4272
9577
1200
8283
7104
8520
2691
8460
206
3673
5186
4124
7680
7370
2545
9940
4230
3704
5421
6219
739
5549
8224
6226
8399
3686
5190
3319
4816
1735
2078
7005
9645
5547
1193
9870
9055
8680
2750
3950
3477
4531
395
156
3952
4104
8498
2937
5843
6380
35
5974
9239
1028
7808
3172
2154
9394
9237
5817
6189
5213
933
925
3793
7272
3845
4678
4335
7532
6013
1022
6242
8894
9759
4698
2754
8432
9248
9820
6605
7975
2092
1124
2358
3798
1581
9440
1375
5387
8443
9147
426
5686
955
5468
8276
7012
5995
475
6749
8955
7571
5734
6443
8164
5541
2261
7649
5797
9089
9002
856
9413
5156
5035
5237
26
746
7498
929
6187
2367
9507
962
1173
4416
6271
3469
4755
5964
1407
8461
3866
4309
1577
283
2030
6439
9291
5813
9609
9019
1275
4507
5490
3833
9953
6830
548
6980
9390
9406
6588
7936
8179
8730
8447
9034
5827
9391
3512
2061
7691
4807
1778
6241
2884
8655
2286
4166
9517
1904
4568
1120
2496
2554
3883
496
9486
9154
7467
8769
2793
5386
9266
1033
2567
8190
9570
3488
110
7134
5503
793
3065
2116
2147
4494
4952
3383
7880
2755
2509
2873
8934
8632
1717
2660
5796
1970
6978
9564
5493
6793
2114
9968
4151
8917
1289
6152
5719
5520
8668
2480
8648
1800
491
6697
944
9833
9979
6126
6736
4227
8833
4033
8658
8277
6365
8937
8162
1654
6673
9565
6011
1979
65
9755
1006
6378
8584
972
1801
9683
1467
3423
8543
350
3205
7425
9411
6666
4955
9303
270
3485
2646
3102
5273
15
5028
474
2894
7008
1169
430
4970
8738
4741
6903
7010
960
6974
6765
4569
7125
9779
7333
7819
7463
993
2371
1596
1020
4005
3750
5833
7230
3169
1903
1061
5970
5486
118
7067
7179
3052
4240
3789
3826
7149
1258
3901
2595
43
3141
908
2103
3963
1328
9298
7670
4426
5581
1145
8024
6421
4761
6712
8340
5368
3457
4911
2130
8567
3748
1447
7302
9504
5227
7492
9210
1078
1642
6947
5067
5935
4406
2259
6466
7689
9912
4611
4017
3234
3713
5642
5540
8384
7602
4976
7323
3143
7223
5992
9478
5485
1256
2693
821
3345
2449
617
2257
6789
2751
3760
2705
5200
6745
4449
4706
2727
1290
7155
4907
2079
1131
7389
9703
9839
1372
4870
9691
9631
3066
1493
3622
8392
5107
1395
2780
1765
8140
7426
500
8538
5921
2164
9986
7270
6660
4988
4905
4455
4910
2788
6131
5633
9975
3918
2863
5349
3369
302
6509
3860
3705
9907
1623
1769
2794
4868
9311
5539
4231
6405
4457
3995
36
1603
1733
2276
4241
7062
6294
5322
9338
9864
4788
1114
8465
8405
9386
1101
6351
8688
2216
1600
715
4595
9438
7608
5879
8341
3936
2399
1873
3171
8018
4271
9884
1614
3837
9449
2858
2998
9424
1414
8741
2864
9814
6274
7929
995
3071
513
9866
3157
4268
7304
3965
8019
9933
5231
1621
1842
7794
2560
8335
4082
8620
1662
9103
9316
6192
4218
4206
5138
2984
7011
4059
8986
9289
3126
5251
8316
5118
8430
1358
8644
3853
5850
9510
6385
227
428
9212
3362
5317
8269
8366
4498
3010
679
6353
4050
3291
6133
9155
3253
2903
3843
2581
483
6989
589
5502
9931
3042
3785
4004
2405
2264
303
9009
2268
7924
8811
6199
5898
8358
2049
4683
7927
1666
1017
1962
3263
1820
6318
9270
1240
9235
145
871
8314
5126
7537
377
2698
5179
7605
2004
1259
3433
1768
5630
8851
6005
1263
5445
2935
6752
680
7019
1900
7907
5299
1397
917
8323
6312
9230
159
6263
2054
7558
2924
3027
5389
2726
1352
9027
9363
6024
1122
4435
6525
9736
3203
3979
7183
8153
1693
216
9807
8714
9883
8707
4155
7566
6388
2188
6134
8230
5626
3168
4408
5861
9256
2878
5586
7020
9426
1081
325
4148
179
4965
9241
3166
9513
3357
4126
586
6173
2590
3398
6214
4515
2848
5298
5892
9673
4182
8838
6837
4372
6505
9389
8509
1827
522
6990
5209
9417
8163
1872
7486
3486
8926
8131
4369
5350
9006
1816
9974
7307
331
9399
8921
7383
126
1138
8766
4053
6398
6873
9146
8307
3250
8015
6995
3780
4824
8938
4332
7735
5599
3839
8049
2653
3063
4306
5163
4188
4203
8209
3032
6211
191
1788
2126
1373
4851
5857
4476
5929
8908
3690
4981
5404
8664
3189
8616
7933
8180
4899
7623
2561
643
1674
5037
4026
7360
5170
6706
5407
6433
5760
800
9328
7324
6339
2460
5565
2889
5023
9542
4202
6049
4358
7507
4132
5311
4691
2897
8365
8580
1742
5243
1525
9442
6979
6254
3601
1158
7458
2390
7782
1926
6395
196
4974
4962
3329
7547
9818
5568
3148
4634
8085
4757
4840
2810
704
1408
9704
893
2415
9734
4674
7814
9047
535
4540
8415
5261
9665
4616
7341
4093
5901
8385
9649
1374
1950
6122
4041
881
9686
1349
2688
8750
9722
260
885
93
8288
2519
7700
7971
4736
7713
6196
5795
1624
8941
333
6810
2782
5505
7027
1086
907
7723
2555
477
3178
7274
1706
1298
3053
7954
4720
376
5924
8522
708
2853
4543
3955
1277
2640
5466
2381
2159
4879
9742
8572
7398
9929
2038
6785
9661
581
6012
7478
4349
4248
8761
2353
1424
3902
351
3801
573
9126
9223
4660
966
9873
258
3522
9016
7477
1523
1253
6508
9170
4709
2662
6438
1262
6971
5621
654
775
5560
2456
8726
1907
667
3292
736
124
1084
829
3326
9262
4261
6440
8526
9992
359
2010
4497
727
7869
4057
3155
697
1545
6286
870
8794
8342
8328
2619
1582
1849
5896
8293
5993
6169
5809
5554
9214
3520
4832
9319
6077
4908
1429
2151
366
6966
9778
7113
77
8981
4681
198
4023
1528
9712
4854
195
3694
1707
8235
3270
1557
2570
9723
9079
9043
1832
3810
8962
464
1521
4663
1302
6710
4376
7786
3606
6948
5487
9885
1432
1609
4998
841
6901
7260
9597
2680
5523
3773
780
7217
4143
4525
7511
4446
3528
4168
4508
8263
6930
7391
5593
4943
3912
3881
2988
8075
9086
2710
3058
2529
2081
7435
3997
6230
3217
8435
1665
4343
7402
5002
3050
7003
8175
5510
7774
3873
9198
3533
2185
8817
2870
8231
5552
2475
7228
1999
497
7604
6591
3307
7656
4818
4843
3849
1841
8839
1007
9183
6934
3417
7743
8636
468
9351
7006
7495
2833
9482
2338
8441
404
5297
7591
4776
911
6431
2447
6221
6885
7846
1673
5464
7627
6555
8558
7720
6292
3858
3121
9829
2110
9128
2912
5184
2639
2586
4008
4157
7294
4654
2161
830
2669
8797
1819
5408
3051
1823
5151
5707
8289
2659
8434
7386
514
6308
2744
6420
4566
3745
5000
5695
8009
6225
1691
5750
8501
4356
1128
9419
9295
2933
5176
9272
7543
5950
5434
4971
9334
2119
3699
9287
6616
7436
3825
664
5145
1517
9238
4906
3716
2512
1774
8051
8220
6928
4504
2051
7449
4149
7144
9174
8062
1327
6087
5150
3542
8850
5786
2575
5234
989
9249
4594
3885
7236
6021
8096
2854
9242
6520
8065
4467
7637
8155
6010
4046
2490
5462
6400
4573
927
6545
723
9164
7246
9133
3581
1475
103
5958
5474
4215
6470
3575
2816
8413
9566
9294
1848
5456
2990
6103
5914
6889
9622
603
1371
682
876
5401
5753
6018
7977
7593
89
974
9895
7964
5160
1738
274
5509
8551
5029
3552
1730
1215
6031
7481
3944
6945
7952
6
414
1966
3627
7108
895
440
8546
8234
1396
9613
8887
4469
9012
3794
750
9868
6963
9401
8093
2144
1729
4018
6461
3388
7118
9767
669
8427
8665
3723
3037
2790
6248
8859
1165
7374
7043
4001
7746
6959
528
7657
7982
6507
9793
8997
3559
7763
3639
9911
6832
7940
3875
6430
551
2315
9508
3665
5663
7621
2767
5853
2887
6137
8712
3182
1009
518
7484
9591
8928
2292
1455
8897
22
3787
1495
8507
8876
9847
2074
4694
6465
6905
9785
4280
3443
8549
2072
1103
683
8268
7285
730
9530
6462
4785
6070
8158
3278
3474
1516
7741
4239
8243
7013
6853
7844
8708
3420
8952
7878
1669
2682
4791
8518
3391
5144
515
792
488
8428
5567
6448
4881
8657
8056
6676
6488
6321
5358
6118
8122
6670
1812
6730
9670
9846
5123
1505
9509
7769
2904
8389
3628
7594
6628
4887
8930
5990
4961
5166
8416
9527
805
2593
7941
7944
8456
3838
8120
1266
8192
9945
3201
6138
5569
763
8105
6399
6973
5814
4586
4328
1274
2761
8519
8042
998
7515
9626
733
7397
8245
6925
7526
82
8856
9666
9740
3418
5411
6955
5665
4523
7218
2212
8906
2284
813
7255
1773
3850
3440
5618
5
7961
981
8734
4262
467
3551
7960
2507
2687
7626
7790
9557
9142
7408
7041
4664
5776
8226
2402
5682
5255
3351
7568
1310
2470
8570
1074
4287
2551
1079
9916
1207
9430
3539
3593
9132
3772
2461
8776
4460
1315
2327
2382
880
2036
747
9599
7766
7559
3671
4969
9339
9809
8696
797
7210
9539
1531
7216
4160
6095
4771
9467
4396
3173
3040
9247
1312
3835
9843
1851
8651
4045
9553
8352
251
8487
6825
6165
4083
6358
5875
9228
7610
609
7499
8929
8980
7120
1435
1015
7622
7895
5957
7170
3177
3643
9949
9032
2527
4953
1736
7084
1533
5506
7007
5859
4323
446
177
6772
8564
4598
7289
3859
1013
1639
3508
1480
3340
1291
968
9735
5479
5848
8947
2132
7115
6941
3170
8815
6207
4688
4760
9739
3471
6883
8471
391
6761
4170
7232
226
2823
4628
4472
2330
7373
3261
2614
8318
6514
4224
3497
5307
6655
6306
7759
5655
5215
9109
844
8480
9141
4297
6104
8177
3159
4715
5570
8521
2421
812
238
2374
3663
3959
1195
1478
7372
1487
5198
5102
20
1817
1687
4175
7014
169
4108
5551
8444
5656
6914
1976
9326
4644
1479
6982
6251
762
3416
5933
5448
9796
6713
1308
6075
6931
6814
5268
6849
2562
6538
4643
4885
2800
1792
4865
6004
1336
2369
5265
1206
3306
4101
7290
1902
661
2240
2882
168
689
6341
4152
4075
4195
3975
6278
8735
2310
2441
3233
2831
9506
8006
4317
9830
9207
2058
2251
8992
3039
6401
9466
4338
1053
9122
7434
4253
2006
1705
1538
7015
6972
1837
8258
8723
5537
7614
9205
5354
4884
1856
8649
9005
2841
6861
8808
3073
7599
8266
6584
7901
3900
1734
9541
7942
5141
9022
6898
705
5871
6988
1226
1711
2077
462
233
1831
3397
384
6794
1211
3413
2234
8743
7579
8168
9037
6691
3636
2526
7609
784
7912
2466
9131
9253
469
6715
5091
1070
2472
6970
6200
6690
9087
3904
6184
6058
9699
9483
3076
8746
6836
6434
5438
4744
2707
4513
2015
1452
282
9331
4196
5666
8409
2024
7703
9869
3568
508
3543
7535
9967
6648
3662
29
3099
6255
8614
8537
627
9261
2178
4996
6088
47
4025
4133
3758
4710
8534
9737
7517
3412
173
2539
8375
8338
3525
608
1008
2553
5016
8754
1667
9301
6609
9346
2064
6062
6257
8210
7715
9837
6147
5328
8257
7879
365
3878
7026
7441
5556
8563
4394
6999
6526
3187
9312
9356
7504
466
1932
8402
6674
8478
5936
5649
5532
4054
6906
2975
146
1147
5238
4945
40
4452
9091
4410
1019
8681
6644
997
5705
6594
392
6559
2104
781
3501
4177
6714
7574
1331
1422
6223
5894
6139
368
823
1973
5876
8302
7501
4623
4444
6376
624
6498
7938
6641
5112
5202
294
7221
8361
8265
3354
6469
5698
6771
3239
3771
3265
3816
9364
3743
5781
2993
9494
543
3478
1750
3676
4883
9531
5580
3585
600
5068
3327
9375
1204
9897
8372
8064
5546
2989
2345
151
3827
7675
2397
153
6587
1874
9107
4296
5074
1566
816
7388
2777
5880
9480
854
1183
3736
9046
1713
9921
6815
7068
6679
5484
8150
348
6654
2434
6335
9045
8861
4482
1441
3288
3990
9090
8576
52
1471
2107
5832
3223
9360
1305
7001
7765
3823
6619
3210
2464
4114
719
4950
1357
1506
5133
8345
1040
1978
7603
1401
3315
4749
9572
9080
741
1221
139
1481
9811
92
8762
3871
6698
3611
4672
2839
2313
3583
6744
2756
261
9337
8387
3591
7923
3734
2053
4904
6198
5501
4983
5582
7584
6695
5157
5604
2227
8671
476
9369
9138
7951
8693
2117
7909
5985
5722
2007
4212
2099
307
7325
9747
789
4299
7837
645
6539
2775
9771
8610
264
9057
6228
6389
5013
1882
7473
3129
9194
8321
6384
8857
2385
2137
7986
714
5773
1918
6997
778
7452
4165
2902
8633
6256
8470
2069
3518
3538
8479
8637
9905
5729
8535
7461
9382
853
3211
27
2272
7854
3590
61
6482
9156
6101
9943
9355
6481
4847
2702
510
3190
3473
8770
130
773
1402
6610
2521
8095
7875
8440
4179
8344
6888
8350
623
250
785
7233
8101
487
4638
380
1484
5026
2247
8116
1543
9260
5334
4939
4675
5449
2785
9880
4630
3220
872
6071
8462
2664
2821
6325
3464
5524
2956
3532
3925
1809
7771
2891
4900
7273
7410
8672
4841
1300
1972
448
2855
1870
9100
8172
3770
6289
9581
7318
8294
7468
5385
662
8667
8128
9694
9962
7172
2342
6560
2323
9850
610
7099
1337
1941
6340
2362
1090
6156
732
7514
5825
4281
7171
6085
2974
4027
1660
1994
8536
6303
9782
4902
2896
3434
3481
2610
5575
1782
886
1140
8827
3028
3818
4552
8324
1004
5313
8486
4312
8913
379
5726
8238
764
6033
3057
934
8127
9083
301
8548
3817
9964
3487
3247
8858
8369
959
19
9919
6494
2047
947
5119
7548
1899
7320
3582
8249
8593
4370
3557
6326
9765
6633
6762
605
9951
1089
3958
3886
5275
1052
2085
8627
4169
6468
6343
4610
6411
6437
6300
1573
3609
1843
6683
2087
5036
356
6026
2762
3180
9641
8946
4845
5120
1933
7996
4679
3509
1050
119
9333
2459
8974
8048
725
3493
5172
5638
9472
545
5759
9252
676
396
9117
587
6818
9491
8892
4136
9388
3251
2918
2148
7888
8531
8607
5476
327
6561
1678
1087
5870
7897
4340
2636
205
6701
7184
241
6833
6576
4273
1233
530
1703
1910
6577
9538
1561
9550
3272
558
7106
3729
8097
9459
8371
1273
8674
1648
265
1683
9819
5087
3033
8029
875
1323
7366
3035
8414
2615
7925
7105
2491
832
4209
199
916
1504
6872
9067
626
3576
3805
5240
9612
5132
2999
2221
7588
1047
5836
7950
7343
91
3492
8203
8577
7772
7764
889
6737
2892
5922
1137
1295
268
7758
7431
1473
6756
9171
3470
2393
612
3703
4500
5481
6409
5658
3566
4208
6067
9134
8045
9121
201
1392
6262
6841
4355
4401
9492
9788
5475
8107
4619
9939
4493
3556
5393
6618
571
3988
1197
849
8523
9465
4278
1510
4249
2174
2679
5267
1307
5467
6155
2592
1178
8976
3299
5069
899
9633
4060
578
7702
8540
4834
8902
3347
9344
2350
9746
4028
6149
5378
1236
1417
4481
2973
9821
7972
6643
5522
6638
4013
4935
5388
7247
9993
6422
7773
3701
9374
7465
5528
3098
8733
1753
2213
5614
5545
5270
495
4486
5585
161
9589
2285
9629
8137
5696
7876
4574
2728
7167
1303
3084
3020
8933
8994
1630
6092
2850
1139
3905
3541
2717
4617
8975
7560
4690
7853
3834
7612
2322
3876
8918
8303
7891
3338
5902
3378
7635
6073
4313
1595
74
7528
1739
8135
2481
9990
8642
6167
7107
6969
4198
2152
2458
5396
9441
6363
1048
863
5598
3267
1594
184
9231
8421
6298
2277
8872
6637
4793
8228
1549
6993
9281
4647
5634
2311
602
9236
1338
6416
1719
9677
9958
2681
2872
5309
5980
6180
6083
4604
979
5684
7824
7777
5615
6748
1520
2395
123
3337
5860
6217
6096
7538
2364
3592
5134
2730
3993
8066
843
7922
2806
5733
3897
2966
7519
4947
3915
6029
7199
4748
6965
6478
8612
1952
3006
594
7086
383
798
7653
3245
4819
6233
9998
7983
4285
544
633
2372
3726
3460
8704
2100
2505
7861
4892
4923
2835
8005
46
5738
4603
4725
5031
5446
4656
175
8244
7991
8463
2355
3874
5469
9971
8732
973
1011
2214
8050
4095
3461
1646
4173
9454
6258
2502
2070
1513
3019
9603
5256
5001
6663
8993
5347
9094
5721
3800
3697
4712
7834
457
2814
864
9684
9525
6871
254
7271
2057
4532
9770
7587
8208
8188
170
1929
1092
2908
1694
1209
3681
6150
9630
9687
9812
3830
3421
9863
1056
8360
9676
6757
537
9359
9836
892
8141
2817
4090
1400
3564
4191
9159
1125
6590
9825
1951
2630
6212
8999
7147
9063
9549
2479
9309
5194
6956
5072
9325
7939
5720
4139
182
5442
8442
5588
6231
2200
6333
2411
616
3649
8423
3625
4099
8248
7385
6408
266
8608
2638
2544
6799
3139
2805
7265
862
387
2171
4043
765
354
8198
5752
2699
2477
6806
8923
5283
6896
1992
3540
3242
9624
3419
9984
5482
9268
2250
3791
5369
1227
1555
7930
9343
577
8874
3645
7795
8547
7403
4973
9621
6527
1268
7276
2647
964
8990
9716
5221
2236
1393
9709
9692
9306
2295
2577
625
4260
8775
3392
2025
5419
2629
2123
9368
9859
2524
709
202
1360
4250
7178
4184
5885
898
1650
3933
3644
5292
4380
4612
2578
8466
7935
8380
6962
6613
6383
7129
6236
1692
248
1311
9644
5597
8503
6549
8834
2513
95
4163
6921
8803
7540
8745
2465
5960
5910
1721
9418
6112
1150
2215
1095
681
8742
9001
3721
4707
7022
2547
317
614
6273
2195
6179
2533
7369
4784
9610
7576
8326
6452
5700
8336
1156
9113
635
5772
2455
6114
2584
1491
434
7251
3954
2898
7592
336
976
373
4666
2498
6239
4292
9200
8621
8500
8348
9405
8936
4115
208
9035
4705
7447
6052
6224
5769
6269
3626
2515
710
5009
2771
6689
7092
7292
6176
4838
5189
9795
2207
2652
4993
7088
4517
634
3045
9615
1828
1409
1453
636
7873
478
6191
8493
6506
3375
3517
3115
9180
7826
6473
4055
4246
5881
7150
3844
8842
9097
9636
808
4716
7280
9038
2901
2812
5296
8306
6055
5070
7017
2112
6068
5534
5447
2258
346
6282
4413
7919
1608
8530
3998
7393
7093
7448
9985
4264
2667
6151
2301
1376
8922
7345
7263
2312
121
4128
6193
4511
5744
2166
8939
6635
1365
4589
23
2890
3185
228
5794
271
5199
5193
5003
3489
465
129
6817
1406
5928
5051
1383
246
7275
9776
2076
2418
8694
415
7688
5364
5220
4189
1001
6260
4866
9920
1098
5061
3332
1847
3181
6407
5811
3567
5439
2588
9225
2333
7784
8087
6000
6127
5185
34
232
873
7789
9928
5429
6086
1850
1957
1632
6277
482
4693
525
2875
4668
1326
6711
2128
1980
4071
2559
4402
4570
9349
851
7407
9354
2201
7829
9070
2612
6975
1370
5863
4443
9367
7319
7832
4639
3819
76
4234
6716
8038
8129
9935
6805
6487
8619
8298
7674
8884
3468
4800
921
5148
1384
6890
9135
7865
5920
574
1280
9642
5271
8167
6349
8550
7309
5594
7293
2941
3973
1791
28
293
5723
5348
1026
7340
6722
8241
3331
2830
3529
7687
1112
4352
6037
4341
4430
1942
7176
4530
607
9516
5635
3426
209
7736
3316
1304
4014
3046
1088
1917
7133
6573
5472
799
165
245
2685
1698
360
7359
5285
33
1949
9190
975
8719
4648
220
4371
7867
2094
639
9969
8701
5367
5459
4909
314
665
3742
7807
8825
6350
9966
2517
5868
2905
8161
4244
757
7835
1802
8222
1807
7182
7762
5129
2676
2880
4245
4087
6596
2724
3380
4256
9555
455
7995
3994
4361
2433
7000
8889
6911
958
1191
8123
4806
7521
7024
4590
2589
4779
520
5702
2602
1461
3822
9727
3588
1923
7240
1148
659
7378
4997
96
561
9499
6816
7916
2969
9484
716
9216
4977
6649
9314
1143
8865
9835
9112
9937
1922
7985
5977
4183
1518
4812
413
8022
9029
9059
13
6848
4646
2976
3633
1107
1218
1679
7361
1579
8114
8764
4713
1562
4914
4762
3254
4533
2759
2281
6181
4232
3407
5006
6919
4930
6822
32
5048
2412
2625
3896
6213
8606
9031
7142
3495
8647
8821
3938
756
6726
5113
902
7619
4009
9725
4827
9789
2242
4113
956
4275
9619
6812
4697
8119
9220
2980
9116
3000
4889
7804
4483
9858
4379
5342
7253
7211
9886
4790
3966
8411
288
4817
8138
2241
867
4746
2226
9026
3783
9452
6902
9232
7838
3092
8932
1350
3389
4701
2444
2233
6866
42
5625
1188
329
1846
1709
3199
8988
2528
3535
3002
8109
4064
2417
8739
369
5375
4162
7921
1700
4154
6121
3788
6702
1232
1507
5785
3968
4400
8782
7415
2672
433
4873
6072
8121
8609
9460
498
6374
125
4365
5196
7124
1599
8661
1296
8756
7387
6857
4225
5770
5606
6056
6831
3015
9414
5538
7355
4146
6808
306
7575
6687
53
5943
4979
9917
7443
7455
7871
6164
8152
3548
7978
8643
598
904
8855
8173
319
4311
8145
6867
3695
2297
9018
7841
5578
5829
5915
6272
9583
8046
6486
7567
6332
6585
1939
4420
6725
275
2946
924
9317
225
9534
3842
6307
5100
4074
2738
7234
1574
9265
4856
4103
583
1023
2911
1279
7328
9587
2745
5124
1556
4492
1840
1425
8799
1672
5302
174
541
7296
1804
160
7350
1890
2792
3929
4557
6547
1852
3243
4920
6734
8391
9463
6009
9136
724
2208
1410
7242
877
1415
6528
1725
83
6404
3235
37
7267
4912
8147
7384
3841
8768
5890
4928
9545
2546
5939
2649
3792
6566
3709
6161
4221
7652
1747
4427
8835
6501
8111
3186
2191
3962
5470
2041
7136
3868
3614
2997
7114
7898
1684
9332
135
9182
5014
2376
7755
7418
8731
8996
290
3604
6066
4304
8349
5526
7128
549
8899
2789
9495
2953
8108
2587
9668
5451
9489
9672
910
3884
1238
3358
6445
9763
4068